subject_number,even_240s_m3_cor,even_240s_m3_gev,even_240s_m3_gfp,even_240s_m3_duration,even_240s_m3_coverage,even_240s_m3_occurrence,even_240s_m4_cor,even_240s_m4_gev,even_240s_m4_gfp,even_240s_m4_duration,even_240s_m4_coverage,even_240s_m4_occurrence,even_240s_m5_cor,even_240s_m5_gev,even_240s_m5_gfp,even_240s_m5_duration,even_240s_m5_coverage,even_240s_m5_occurrence,even_240s_m1_cor,even_240s_m1_gev,even_240s_m1_gfp,even_240s_m1_duration,even_240s_m1_coverage,even_240s_m1_occurrence,even_240s_m2_cor,even_240s_m2_gev,even_240s_m2_gfp,even_240s_m2_duration,even_240s_m2_coverage,even_240s_m2_occurrence,odd_240s_m3_cor,odd_240s_m3_gev,odd_240s_m3_gfp,odd_240s_m3_duration,odd_240s_m3_coverage,odd_240s_m3_occurrence,odd_240s_m4_cor,odd_240s_m4_gev,odd_240s_m4_gfp,odd_240s_m4_duration,odd_240s_m4_coverage,odd_240s_m4_occurrence,odd_240s_m5_cor,odd_240s_m5_gev,odd_240s_m5_gfp,odd_240s_m5_duration,odd_240s_m5_coverage,odd_240s_m5_occurrence,odd_240s_m1_cor,odd_240s_m1_gev,odd_240s_m1_gfp,odd_240s_m1_duration,odd_240s_m1_coverage,odd_240s_m1_occurrence,odd_240s_m2_cor,odd_240s_m2_gev,odd_240s_m2_gfp,odd_240s_m2_duration,odd_240s_m2_coverage,odd_240s_m2_occurrence
S1,0.715944,0.279783,1.361318,107.907181,37.257867,2.934399,0.640776,0.08262,1.209022,84.384805,18.096061,1.872255,0.656392,0.062483,1.171628,83.939821,14.470368,1.494203,0.622322,0.047993,1.12148,72.838871,13.192194,1.647224,0.656572,0.084559,1.210664,78.418753,16.98351,1.90826,0.699585,0.226188,1.277152,95.957381,31.626857,2.821876,0.668087,0.102415,1.172791,87.401257,19.632974,1.957107,0.653598,0.059945,1.125804,77.504806,13.399359,1.54748,0.615261,0.059344,1.082367,80.896278,15.445674,1.729537,0.656455,0.100897,1.172936,84.673985,19.895135,2.02993
S2,0.732944,0.231024,1.353022,109.186499,31.913518,2.352392,0.668267,0.090278,1.230466,95.743708,19.08131,1.687976,0.659271,0.050309,1.206345,81.318178,12.455107,1.346789,0.666787,0.095494,1.279081,85.60212,17.730929,1.768783,0.685194,0.103745,1.262295,87.828161,18.819135,1.78674,0.741034,0.199851,1.313497,97.083915,25.888052,2.242555,0.673073,0.106286,1.182025,95.218398,21.837101,1.946537,0.669625,0.05651,1.148473,84.057023,13.092931,1.354503,0.662721,0.073892,1.129707,83.878644,15.705059,1.62361,0.697051,0.138921,1.229485,96.781316,23.476857,2.06315
S3,0.739131,0.320743,1.359462,104.045495,37.491861,3.038414,0.677316,0.073614,1.133634,80.049607,15.799754,1.718151,0.661946,0.071099,1.112741,78.971148,16.559358,1.87188,0.653328,0.048941,1.074924,73.493788,12.41771,1.537293,0.666365,0.085477,1.143956,81.399696,17.731317,1.917095,0.744173,0.29704,1.328003,107.778257,36.156386,2.778666,0.679558,0.075357,1.116506,79.720103,16.348851,1.811015,0.684999,0.079496,1.163098,83.328108,15.319058,1.61571,0.664239,0.063151,1.070702,81.479272,15.201875,1.68673,0.660843,0.080787,1.130281,82.569545,16.973829,1.819893
S4,0.71482,0.237352,1.239507,99.940458,33.618024,2.9081,0.655042,0.077691,1.090962,81.796449,17.707528,1.883985,0.673779,0.083509,1.148118,85.563518,16.698872,1.710079,0.638482,0.040666,1.016106,72.608571,11.327098,1.420235,0.662405,0.10279,1.137514,79.653174,20.648477,2.251121,0.711583,0.230147,1.234106,95.095765,31.907302,2.887235,0.647495,0.075423,1.091252,80.851426,17.189119,1.889652,0.65504,0.066375,1.113072,86.350706,14.595403,1.47719,0.632825,0.051068,1.036095,71.906685,13.536431,1.716993,0.657051,0.106405,1.098508,80.421798,22.771745,2.474773
S5,0.72309,0.230288,1.272122,100.341555,31.364917,2.631969,0.629882,0.060529,1.110442,86.010174,14.73532,1.492067,0.640076,0.059575,1.127058,80.721048,13.815985,1.501335,0.6604,0.085244,1.097003,79.158674,19.135528,2.103722,0.658789,0.111055,1.170135,84.862437,20.94825,2.187129,0.718993,0.241587,1.234095,95.683304,31.523313,2.742181,0.646284,0.066945,1.07913,79.198542,15.026788,1.692369,0.631527,0.064494,1.093832,77.337947,15.030408,1.737619,0.651747,0.069778,1.040904,76.986062,16.09832,1.81002,0.666272,0.110035,1.093296,81.968008,22.32117,2.380177
S6,0.723256,0.211899,1.256183,93.825424,28.166179,2.516471,0.676821,0.113347,1.135718,94.162571,21.863104,2.004026,0.665547,0.083704,1.119385,86.101447,17.686676,1.802709,0.655477,0.058278,1.003289,79.877136,15.45754,1.647145,0.667329,0.084046,1.120494,79.527334,16.826501,1.866764,0.740026,0.222071,1.250388,102.292956,27.581855,2.17258,0.684185,0.145176,1.169068,99.74166,25,2.136521,0.685236,0.078223,1.066126,89.172172,16.706332,1.631689,0.661813,0.049472,1.033152,79.520446,11.83831,1.343214,0.667243,0.083445,1.053376,90.190391,18.873504,1.775927
S7,0.724035,0.255084,1.334402,96.663006,32.251588,2.765204,0.664269,0.065561,1.140495,80.955524,14.422866,1.560561,0.658238,0.074624,1.126238,78.50463,16.627729,1.916478,0.669819,0.105666,1.165723,84.633143,21.289333,2.217639,0.65481,0.065048,1.106154,76.009144,15.408484,1.816091,0.732681,0.258535,1.310592,97.396565,32.029131,2.777468,0.657392,0.088486,1.15218,87.842943,18.243971,1.802103,0.666119,0.077701,1.098903,82.27869,17.701483,1.913573,0.661832,0.083046,1.100369,76.655666,18.596961,2.155092,0.658807,0.060507,1.108136,74.362885,13.428455,1.616319
S8,0.7475,0.253935,1.407989,97.638356,31.041986,2.702172,0.664635,0.058253,1.234078,72.78254,12.81347,1.587415,0.664085,0.052289,1.189278,76.126193,12.232012,1.453644,0.663933,0.081053,1.153915,85.033102,19.537688,1.961973,0.687949,0.138064,1.274871,87.175573,24.374844,2.363286,0.732942,0.276481,1.309441,98.339092,33.970625,2.894615,0.654393,0.051897,1.075994,77.295957,13.082943,1.474109,0.663637,0.060834,1.089364,77.566159,14.387307,1.661723,0.673941,0.077865,1.090783,79.849281,17.460601,1.929743,0.679618,0.115609,1.176599,81.470878,21.098524,2.260301
S9,0.727519,0.274098,1.474553,108.972316,35.053532,2.630312,0.648809,0.022026,1.045597,78.035785,8.505909,0.981736,0.63487,0.026627,1.067766,74.074395,9.246842,1.102138,0.660921,0.105321,1.320992,91.296533,21.73156,2.056089,0.683212,0.150471,1.386573,93.582444,25.462157,2.259845,0.734332,0.270339,1.29314,102.491532,34.699454,2.804142,0.675771,0.035167,1.011997,76.377235,9.807305,1.141429,0.664904,0.032015,0.914542,77.195147,10.846276,1.240293,0.673904,0.082474,1.164268,79.109379,16.598361,1.82449,0.681847,0.161271,1.217401,90.573297,28.048605,2.624389
S10,0.705765,0.220792,1.378403,96.089802,30.967432,2.735574,0.653959,0.097672,1.237737,87.074825,20.816236,2.125615,0.665135,0.081332,1.296676,76.797319,15.63713,1.765184,0.643878,0.085768,1.266139,77.158048,17.4744,2.014713,0.647226,0.058711,1.164501,75.59479,15.104802,1.783668,0.723831,0.219338,1.323424,89.694188,28.036026,2.669233,0.655329,0.097194,1.170399,88.907192,19.229372,1.870279,0.657179,0.075911,1.123505,75.04031,16.251453,1.95199,0.647328,0.08579,1.106174,77.864531,19.280215,2.224361,0.635503,0.07618,1.125167,77.599305,17.202934,1.95199
S11,0.711509,0.233952,1.301701,104.335588,31.799993,2.588201,0.659953,0.090376,1.155044,85.650116,18.602004,1.927384,0.660214,0.082685,1.139792,83.553934,17.933845,1.872315,0.658622,0.08782,1.188499,80.543029,17.530012,1.918206,0.630015,0.057019,1.114325,78.173561,14.134146,1.633687,0.736683,0.287504,1.336922,97.861127,35.028024,3.010306,0.664521,0.089973,1.128483,81.974625,18.582535,1.934551,0.663044,0.067535,1.110375,80.852136,15.01356,1.645272,0.660581,0.07996,1.124779,82.666762,17.251853,1.853191,0.639032,0.05776,1.086751,76.132728,14.124028,1.663352
S12,0.751115,0.25474,1.319075,95.157878,29.38306,2.692576,0.693894,0.089974,1.135821,76.960383,17.371907,2.02161,0.686182,0.082855,1.116193,77.046191,16.615545,1.943186,0.667153,0.079818,1.09114,73.870227,17.378878,2.108749,0.685287,0.10091,1.138914,74.456251,19.25061,2.317881,0.745283,0.250788,1.271662,95.468112,30.502318,2.741645,0.684208,0.083711,1.105872,75.689227,16.39452,1.980558,0.682972,0.081905,1.101871,78.282282,15.266727,1.76434,0.671916,0.074801,1.046123,76.84353,16.982633,1.96326,0.684602,0.112415,1.114971,80.272675,20.853802,2.231371
S13,0.735796,0.265629,1.403697,104.822848,34.419996,2.732039,0.671158,0.082875,1.21653,89.645092,18.138522,1.762903,0.655135,0.065251,1.231897,80.637023,14.199217,1.513697,0.65598,0.065709,1.153862,82.08325,16.336853,1.744444,0.655563,0.077256,1.223904,82.83779,16.905412,1.790593,0.739815,0.288609,1.351796,111.241579,37.287322,2.795719,0.667253,0.073168,1.121643,87.799852,17.490312,1.743864,0.660714,0.073945,1.186891,83.960499,15.072892,1.559328,0.677548,0.067927,1.184379,82.956779,13.585532,1.46706,0.669298,0.074706,1.169255,83.550846,16.563942,1.725411
S14,0.728653,0.274899,1.325144,96.183555,34.536932,2.993738,0.657664,0.05844,1.110483,76.564635,14.15388,1.657084,0.663245,0.058553,1.104176,77.192134,14.351631,1.647929,0.658092,0.062851,1.118286,73.784967,14.018384,1.693705,0.676207,0.119778,1.15312,79.955777,22.939173,2.481049,0.744652,0.251929,1.252193,96.541124,33.482724,2.945641,0.67821,0.06327,1.08226,81.106777,14.551106,1.563178,0.680269,0.050883,1.092694,75.299437,11.591008,1.346321,0.680549,0.066817,1.07962,74.973097,14.746277,1.78907,0.691813,0.160468,1.213432,86.197318,25.628885,2.602284
S15,0.754026,0.291862,1.337352,107.25665,34.401319,2.696843,0.696847,0.129555,1.191477,92.852854,23.234061,2.141347,0.685433,0.064694,1.134533,83.862651,14.102426,1.487295,0.639725,0.047855,1.05022,75.590283,12.736982,1.541053,0.651786,0.064511,1.106021,80.161988,15.525212,1.729205,0.752223,0.291404,1.264928,103.797552,34.173919,2.692966,0.698965,0.11465,1.142988,89.181737,20.056356,1.899344,0.681308,0.069554,1.053523,82.736756,15.722642,1.658582,0.650748,0.061733,1.01803,76.438759,14.684691,1.729919,0.674843,0.068386,1.037983,76.19629,15.362391,1.828007
S16,0.767688,0.287418,1.287346,103.116001,31.627777,2.554846,0.708996,0.117438,1.112709,90.630381,22.116424,2.118866,0.69699,0.095752,1.099813,87.540255,18.223989,1.822399,0.694814,0.056603,1.037509,74.986381,13.17359,1.552091,0.698219,0.0716,1.058948,76.765132,14.858219,1.752642,0.769339,0.291841,1.264856,108.767265,31.741652,2.480089,0.694981,0.09992,1.044856,90.056311,20.109683,1.938661,0.698564,0.090932,1.042104,83.919417,18.632108,1.947394,0.683384,0.050083,1.012581,73.724641,11.303619,1.362303,0.699452,0.087167,1.029695,87.673253,18.212938,1.842602
S17,0.731255,0.322199,1.385598,108.539127,38.544445,2.883714,0.653115,0.07403,1.163294,81.087188,16.570543,1.811333,0.641133,0.049069,1.089076,81.51151,13.027179,1.423834,0.644783,0.07946,1.144224,79.76116,18.221469,2.009588,0.652088,0.05939,1.13133,80.925981,13.636364,1.486915,0.747576,0.33443,1.384894,104.579694,37.70434,3.021068,0.662195,0.063379,1.080895,83.342469,15.684893,1.673478,0.65327,0.068263,1.076508,85.067957,16.343715,1.638247,0.659201,0.076455,1.130507,74.778192,16.400085,1.964135,0.66058,0.061032,1.12117,77.045999,13.866967,1.629439
S18,0.733252,0.27096,1.364171,99.896732,31.3298,2.622968,0.647326,0.075724,1.139689,80.877679,17.391614,1.858306,0.656836,0.075473,1.139044,82.703769,16.484689,1.760501,0.652497,0.065818,1.127645,74.554111,15.318135,1.849415,0.663398,0.092244,1.129382,78.781251,19.475762,2.169506,0.722313,0.253713,1.333498,96.339698,32.473348,2.771855,0.650046,0.070052,1.143385,79.603402,15.639659,1.732409,0.65655,0.08486,1.142408,80.398336,18.500355,2.052239,0.646063,0.067755,1.127743,75.456599,15.366027,1.803483,0.666023,0.089592,1.172846,77.46435,18.020611,2.078891
S19,0.740444,0.286563,1.355844,105.60249,35.197868,2.739422,0.675711,0.089098,1.186824,86.774746,18.383741,1.823196,0.664202,0.075202,1.13562,87.599005,17.421242,1.749158,0.625123,0.034639,1.077938,72.283865,10.132159,1.277163,0.656723,0.081673,1.132899,78.59044,18.864991,2.10084,0.731794,0.305749,1.349697,116.24822,37.610455,2.701047,0.658193,0.095634,1.177036,93.138015,20.160392,1.819262,0.656387,0.072044,1.129462,87.233556,16.339942,1.642905,0.634744,0.038661,1.036941,76.328939,11.7955,1.38301,0.644801,0.056738,1.093426,83.321925,14.093711,1.512958
S20,0.716493,0.228031,1.311853,101.195328,32.784829,2.684106,0.66276,0.091971,1.21143,89.49561,18.657763,1.798628,0.664454,0.066441,1.171769,83.630546,14.248819,1.503468,0.687129,0.105308,1.222482,85.616023,19.377214,1.900089,0.64812,0.063751,1.147149,75.693461,14.931375,1.752509,0.717886,0.23762,1.294873,108.982326,31.800044,2.438484,0.669247,0.093296,1.179741,90.498872,17.878519,1.681076,0.674481,0.074519,1.125633,86.816945,16.130939,1.607182,0.67052,0.087719,1.125483,82.858816,18.502919,1.92123,0.643163,0.065434,1.100283,80.91637,15.687579,1.699549
S21,0.725498,0.252996,1.361067,98.917605,31.533613,2.704832,0.66141,0.077476,1.193112,83.226913,16.743697,1.733193,0.648372,0.039974,1.098588,74.444222,10.514706,1.242997,0.663381,0.094827,1.194859,83.935355,19.915966,2.048319,0.663008,0.10711,1.207413,84.131705,21.292017,2.232143,0.719547,0.277461,1.30159,106.026125,34.80799,2.751794,0.660516,0.078351,1.143604,85.370105,16.521311,1.723168,0.648113,0.03992,1.068543,72.506673,10.405824,1.301168,0.664066,0.108149,1.140698,83.835783,21.838515,2.233085,0.653985,0.075715,1.120613,81.928062,16.426361,1.78471
S22,0.739646,0.253853,1.341621,103.085682,32.413308,2.565575,0.683673,0.115194,1.1932,92.451657,22.310314,2.037641,0.659251,0.072468,1.176263,79.836403,15.445317,1.694947,0.650633,0.057727,1.126143,77.265184,13.993035,1.620851,0.646135,0.068201,1.152875,76.870153,15.838026,1.833877,0.737562,0.26859,1.293435,113.736306,35.71944,2.543657,0.688031,0.121458,1.212192,97.36963,21.673402,1.794992,0.688764,0.064058,1.134229,87.059851,13.346082,1.343989,0.674225,0.068192,1.115189,82.114095,15.023813,1.650671,0.65981,0.059209,1.094459,79.449674,14.237264,1.587531
S23,0.730172,0.2963,1.331024,105.812236,35.734341,2.906767,0.645099,0.075189,1.130436,78.509485,16.659467,1.889849,0.66298,0.090568,1.129768,83.240676,19.773218,2.078834,0.643583,0.062373,1.097754,74.746935,15.010799,1.799856,0.644756,0.053206,1.091571,72.847456,12.822174,1.565875,0.728956,0.312862,1.351102,112.637979,39.0625,2.874075,0.653959,0.076977,1.144121,79.364206,17.09496,1.877491,0.676972,0.098015,1.195543,89.649069,19.123719,1.859695,0.65901,0.056209,1.121055,78.411478,13.065917,1.494875,0.629819,0.043,1.089922,74.823063,11.652904,1.414792
S24,0.747404,0.250217,1.274744,95.366868,31.101489,2.746565,0.683418,0.098208,1.106267,88.239573,19.6858,1.92349,0.685781,0.084125,1.112598,78.774774,17.044804,1.887704,0.669704,0.072612,1.076419,75.781091,15.548955,1.825079,0.668906,0.080113,1.097884,75.727941,16.618952,1.914543,0.733971,0.224049,1.265044,102.011024,28.678999,2.353112,0.698146,0.103127,1.121915,92.852318,20.218658,1.89154,0.695552,0.100403,1.140035,90.007973,19.024002,1.819136,0.669775,0.080188,1.120735,79.323752,16.182167,1.810086,0.682614,0.080569,1.112657,83.65852,15.896173,1.656229
S25,0.729371,0.221144,1.237823,107.393074,29.796923,2.32272,0.692207,0.111487,1.143933,93.050708,21.027505,1.93713,0.681936,0.095063,1.111614,92.362086,19.474129,1.882046,0.672326,0.075304,1.137962,84.807578,15.049025,1.588263,0.659467,0.062441,1.086124,80.557333,14.652418,1.615806,0.730446,0.221348,1.225423,100.140654,29.809655,2.495269,0.692936,0.124848,1.119339,91.911845,22.767244,2.133502,0.67364,0.090564,1.097402,86.983563,18.440874,1.82739,0.648778,0.070718,1.059794,84.852037,16.389002,1.688249,0.648672,0.051964,1.057759,80.490877,12.593225,1.40069
S26,0.728356,0.278071,1.342889,98.715934,34.221667,2.958221,0.671262,0.070982,1.175425,79.608488,14.94552,1.674301,0.676972,0.079107,1.160472,80.053328,16.496634,1.804428,0.663226,0.079155,1.147171,78.405756,17.003262,1.934555,0.666639,0.088474,1.179528,76.593384,17.332917,1.96058,0.736437,0.285213,1.345721,104.996532,34.283316,2.753785,0.669689,0.064043,1.121495,79.252595,14.557471,1.626045,0.676378,0.074846,1.153077,76.221746,15.62052,1.827115,0.647441,0.068366,1.092302,76.06592,16.37934,1.940763,0.669927,0.098333,1.175208,81.009405,19.159352,2.063153
S27,0.700868,0.215604,1.238989,104.965791,31.675627,2.482826,0.653102,0.12139,1.154268,98.27668,23.387097,2.016129,0.649079,0.091465,1.127676,97.646666,19.280167,1.745445,0.635681,0.045349,1.043273,76.738573,11.704749,1.362754,0.62446,0.054736,1.070637,80.836662,13.95236,1.521431,0.726124,0.266248,1.246553,114.286194,35.438439,2.58456,0.647786,0.095078,1.120938,87.967937,19.7363,1.929056,0.651985,0.084427,1.102095,87.173281,18.67251,1.854141,0.628393,0.051173,1.088696,78.161646,12.0875,1.367195,0.621346,0.051056,1.019642,79.35385,14.065251,1.526389
S28,0.743495,0.330128,1.395096,115.553368,40.390786,2.866001,0.642942,0.027083,1.047315,76.392875,8.720574,1.027434,0.643818,0.032749,1.087362,81.144512,9.145968,1.009409,0.688361,0.119938,1.220307,91.005571,22.888352,2.108944,0.700588,0.098741,1.231116,80.04245,18.854321,1.991781,0.751457,0.341913,1.280948,115.594083,40.473783,2.906977,0.656775,0.031036,0.980184,73.887429,9.09649,1.128485,0.657996,0.033261,1.015693,74.838852,9.045934,1.119457,0.682178,0.110528,1.093571,87.446818,22.201358,2.166691,0.679043,0.098839,1.128331,83.432648,19.182435,2.013217
S29,0.729704,0.302925,1.417504,98.606907,36.067029,3.097596,0.661485,0.055477,1.182766,73.476681,12.45074,1.508858,0.651688,0.038263,1.117924,73.677453,10.306387,1.233713,0.6587,0.089177,1.182824,79.896652,19.171371,2.09465,0.657667,0.105008,1.18956,86.268118,22.004473,2.23666,0.733535,0.274146,1.379641,94.310094,33.224997,3.020454,0.657654,0.056357,1.141829,72.961717,13.152224,1.589713,0.655165,0.051393,1.120277,72.879242,12.781291,1.589713,0.672959,0.094923,1.16898,79.31706,19.454552,2.172607,0.671505,0.112983,1.19609,85.17826,21.386936,2.181439
S30,0.767779,0.331634,1.453739,111.939821,39.159688,2.845179,0.659473,0.044278,1.137657,75.941242,12.250376,1.449431,0.680753,0.043608,1.187799,79.33311,10.392957,1.127335,0.683431,0.102508,1.303735,84.587275,18.935652,1.932575,0.692168,0.093437,1.218671,81.172391,19.261327,2.057834,0.776991,0.363206,1.37574,113.09759,41.26719,2.905014,0.667593,0.037213,1.068211,77.015776,10.244838,1.18155,0.685108,0.053506,1.172214,81.453445,11.168757,1.172666,0.701889,0.089862,1.167207,83.33743,17.849401,1.865605,0.703051,0.093348,1.137754,84.276688,19.469813,2.016631
S31,0.77369,0.344821,1.427551,103.964373,37.430597,2.941998,0.667002,0.034877,1.074436,74.702453,10.056919,1.196005,0.716966,0.099122,1.229212,84.063624,17.861508,1.885672,0.700558,0.095703,1.16695,79.894664,19.370046,2.103922,0.705983,0.077137,1.189646,78.279022,15.28093,1.684883,0.769494,0.334067,1.409744,111.798293,37.493086,2.730918,0.66148,0.030106,1.066716,73.017145,8.293003,0.993847,0.695572,0.089042,1.174009,81.827207,17.560841,1.858061,0.701889,0.093258,1.161375,81.997193,19.185564,2.048189,0.698716,0.09073,1.19388,79.998463,17.467506,1.866704
S32,0.737802,0.278035,1.328639,106.566545,35.573206,2.750053,0.671385,0.088922,1.179791,82.650015,17.842834,1.8978,0.670473,0.073034,1.18722,75.365411,15.326492,1.827511,0.68215,0.094243,1.190889,82.883872,17.990441,1.8978,0.660031,0.055074,1.108152,73.552569,13.267027,1.616644,0.741062,0.291746,1.349215,104.790838,36.191994,2.860432,0.670197,0.086109,1.152539,85.776738,18.250089,1.842012,0.677958,0.062666,1.162052,76.828911,13.850514,1.629472,0.676964,0.101826,1.210502,84.913839,19.227772,1.948282,0.649743,0.052309,1.133618,78.095526,12.479632,1.434644
S33,0.755262,0.308451,1.390423,105.153476,35.885943,2.818674,0.67705,0.048552,1.156446,78.514741,11.612592,1.29297,0.675328,0.074302,1.196781,77.595391,14.977761,1.70672,0.694067,0.094104,1.238459,75.657745,16.698273,1.956694,0.662947,0.097181,1.167682,82.414688,20.825432,2.232528,0.759825,0.325191,1.399355,105.449154,35.427301,2.786749,0.680443,0.045384,1.069855,74.206952,11.78595,1.432441,0.676727,0.072702,1.142912,82.886157,16.276001,1.762336,0.678617,0.08582,1.100049,77.830623,19.050596,2.144321,0.694478,0.101801,1.211366,80.767556,17.460152,1.909921
S34,0.732897,0.309624,1.377839,103.715665,37.39469,3.044248,0.663857,0.068016,1.157793,77.233649,15.19292,1.707965,0.668232,0.069065,1.164692,83.342266,15.323894,1.663717,0.644356,0.064547,1.146206,80.762344,15.115044,1.654867,0.658287,0.079904,1.167679,79.363239,16.973451,1.929204,0.731334,0.295509,1.341042,101.226114,36.297361,3.058077,0.656073,0.062116,1.145774,81.260448,13.841085,1.542182,0.670415,0.067671,1.146909,74.914953,14.279205,1.682381,0.642597,0.066558,1.096823,76.229405,16.091269,1.875153,0.66596,0.095024,1.151921,81.626305,19.49108,2.094213
S35,0.754562,0.327551,1.361657,109.42007,37.980483,2.903011,0.700978,0.085341,1.178517,82.84979,16.092477,1.705082,0.690244,0.097475,1.143785,83.075846,19.639047,2.107306,0.64487,0.046954,1.09107,77.176015,11.75195,1.381554,0.674082,0.066259,1.120193,75.063837,14.536043,1.696338,0.766042,0.371902,1.414353,111.045081,40.316233,2.977629,0.68063,0.08171,1.152735,82.697958,17.175309,1.829731,0.687955,0.088918,1.13813,84.892517,19.01885,1.941932,0.626965,0.030586,1.043942,69.187505,9.024373,1.216944,0.675642,0.0642,1.11989,73.215309,14.465235,1.777947
S36,0.707005,0.264437,1.297626,99.548236,35.517877,2.99484,0.638127,0.076814,1.118596,79.649079,17.910063,1.962772,0.64731,0.094384,1.144163,85.977699,20.2101,2.018061,0.607133,0.041086,1.04096,70.840181,11.938813,1.511242,0.629477,0.065507,1.146034,75.886814,14.423148,1.640251,0.708635,0.248903,1.267574,99.732142,34.082801,2.870893,0.65371,0.090537,1.147137,86.572366,19.012933,1.876765,0.656883,0.091993,1.139111,85.977297,19.053813,1.913929,0.62857,0.056913,1.114799,77.293362,12.962688,1.542292,0.62705,0.062951,1.094553,77.408703,14.887766,1.700238
S37,0.715171,0.258854,1.282013,98.924891,34.683258,2.978884,0.648433,0.067629,1.124292,74.553276,15.516591,1.847662,0.673358,0.09919,1.147034,84.762292,20.294118,2.139894,0.658408,0.07134,1.135395,77.842558,14.890649,1.687406,0.657658,0.062994,1.096441,75.036285,14.615385,1.715686,0.723493,0.274366,1.241742,102.532592,35.619124,2.922278,0.653866,0.070097,1.078241,81.811148,15.998112,1.6971,0.675796,0.084467,1.123549,81.19112,16.949214,1.860457,0.668349,0.090418,1.11666,88.816079,18.299633,1.81508,0.650132,0.056499,1.06363,75.245454,13.133917,1.570044
S38,0.727236,0.254696,1.227024,93.742639,31.661871,2.938803,0.681153,0.104954,1.099699,80.994482,19.689101,2.149274,0.659628,0.067754,1.052722,73.612714,14.787003,1.789599,0.656092,0.080354,1.054103,79.213139,16.973121,1.912415,0.668526,0.083967,1.055089,73.208199,16.888904,2.070321,0.734004,0.25293,1.255518,94.359827,32.312865,2.946381,0.665023,0.0951,1.123368,78.665424,18.927623,2.105822,0.665895,0.065066,1.075604,74.810944,14.365599,1.71651,0.658855,0.070609,1.092906,73.777545,15.399044,1.884622,0.665497,0.097438,1.134791,78.294542,18.994868,2.15891
S39,0.713544,0.219497,1.255786,97.495693,30.3046,2.618528,0.632438,0.0748,1.077522,84.494011,18.420371,1.915319,0.680877,0.133302,1.185849,92.416594,23.179984,2.118879,0.640332,0.05092,1.066172,70.060942,12.450498,1.609978,0.629538,0.066799,1.082382,77.070172,15.644546,1.78578,0.695043,0.204766,1.223084,92.86284,29.496724,2.689473,0.637102,0.082797,1.090171,80.638488,19.408874,2.121799,0.670208,0.135242,1.157635,87.418445,24.918106,2.45682,0.627268,0.050841,1.071079,76.115621,12.473943,1.479675,0.629886,0.058637,1.082783,74.998039,13.702353,1.63788
S40,0.731192,0.266699,1.312033,98.636203,33.47755,2.881294,0.657903,0.108951,1.172946,90.160599,21.548809,2.08144,0.66681,0.086349,1.151195,82.042857,18.171242,1.936012,0.652632,0.051229,1.090931,73.423968,12.299582,1.490638,0.661882,0.062743,1.082397,76.756538,14.502818,1.699691,0.725718,0.24384,1.279946,101.05307,32.935291,2.729696,0.678817,0.121664,1.21018,85.671115,21.286152,2.127155,0.649347,0.081227,1.135654,83.40141,18.039731,1.844143,0.639616,0.050037,1.079338,71.380502,12.87248,1.606778,0.661216,0.06757,1.130387,76.932465,14.866345,1.72546
S41,0.722845,0.28495,1.283857,96.065435,34.111298,2.996215,0.658701,0.080994,1.089446,76.712501,18.152509,2.137651,0.655619,0.073545,1.072689,74.884944,16.449397,1.944912,0.642161,0.054765,1.0615,72.078867,13.526773,1.690847,0.654338,0.089197,1.110455,79.592759,17.760022,2.006238,0.725653,0.284793,1.239226,100.42682,34.845857,2.955438,0.654912,0.064645,1.064791,72.629426,13.973737,1.743178,0.657454,0.078548,1.052211,79.733683,17.265423,1.955545,0.642204,0.059356,1.011323,73.249401,14.777192,1.822815,0.667851,0.095975,1.060341,78.487085,19.137791,2.141366
S42,0.738011,0.206741,1.261101,101.278355,26.648303,2.27167,0.677521,0.100691,1.181135,86.335146,18.881694,1.922871,0.673841,0.086535,1.103203,88.798355,18.810146,1.824491,0.661384,0.070869,1.072149,82.735032,16.452617,1.726112,0.662231,0.090389,1.090717,85.775029,19.207241,1.931814,0.738114,0.213502,1.225745,99.623518,28.699178,2.353282,0.681136,0.109413,1.179294,87.662855,20.017378,1.955034,0.67018,0.07483,1.106613,85.992971,16.034901,1.638246,0.658368,0.058457,1.027514,81.020924,14.709822,1.592991,0.665358,0.09857,1.107529,83.625276,20.538721,2.117954
S43,0.735234,0.302808,1.349413,101.750358,37.127119,3.049217,0.645636,0.049033,1.085799,74.572613,13.33071,1.582731,0.663401,0.063636,1.164115,79.702862,13.287789,1.475427,0.663035,0.075849,1.163136,74.156185,15.891695,1.922527,0.661525,0.094022,1.146125,82.89813,20.362687,2.181844,0.738166,0.271669,1.343321,94.151346,33.026434,3.039022,0.649901,0.054213,1.096358,78.379367,13.436432,1.555476,0.671972,0.07065,1.108574,78.210164,15.662651,1.798238,0.655246,0.078384,1.145399,77.362997,16.723611,1.924114,0.676977,0.110699,1.175182,77.350538,21.150872,2.409639
S44,0.71698,0.25019,1.245479,94.475838,34.179894,3.083379,0.663922,0.082266,1.122639,81.277307,16.621055,1.797117,0.668834,0.082878,1.128035,75.308908,16.971356,1.997811,0.663518,0.079801,1.123196,73.707012,16.405765,1.997811,0.65143,0.072716,1.086844,76.073088,15.82193,1.870097,0.724096,0.268516,1.266557,94.119848,33.506494,3.021284,0.665936,0.096268,1.099954,79.48246,20.07215,2.209596,0.664134,0.071628,1.079913,77.898421,15.595238,1.812771,0.659344,0.064315,1.073504,68.585447,14.015152,1.857864,0.645816,0.071111,1.049766,78.133595,16.810967,1.857864
S45,0.73551,0.2234,1.315,104.93297,32.687339,2.592951,0.671592,0.108482,1.308913,89.459355,19.659776,1.830319,0.664366,0.068255,1.280413,88.017146,13.433104,1.33685,0.676289,0.094733,1.238731,82.796662,18.654895,1.937984,0.664389,0.066292,1.153086,80.150411,15.564887,1.704709,0.723186,0.208287,1.248749,99.568131,30.46674,2.618523,0.659103,0.079477,1.195946,85.140954,16.177876,1.644616,0.64247,0.066313,1.162999,81.448185,14.329291,1.580301,0.657249,0.094064,1.168233,82.039687,20.102903,2.131569,0.669161,0.095597,1.171965,80.597148,18.92319,2.021316
S46,0.732764,0.285138,1.34049,107.811702,34.618505,2.689689,0.657311,0.0594,1.105127,84.178554,14.526086,1.543264,0.654198,0.067641,1.15642,77.699736,13.986384,1.587358,0.6563,0.068119,1.100387,79.512149,16.208685,1.860736,0.670196,0.106894,1.199063,90.885731,20.660341,2.001834,0.734054,0.280049,1.29788,104.643794,34.487166,2.813576,0.650742,0.047513,1.039524,73.964617,12.372635,1.482231,0.66319,0.078529,1.104889,86.141532,16.92406,1.775127,0.651207,0.070711,1.084771,79.337388,15.837682,1.730749,0.676087,0.104377,1.131563,80.441402,20.378457,2.227784
S47,0.711581,0.162912,1.248303,92.201193,23.098458,2.163322,0.673237,0.148525,1.206153,95.714728,25.47993,2.308755,0.637661,0.078872,1.130367,85.609689,17.666521,1.799738,0.631311,0.056155,1.05227,79.671059,14.768761,1.636126,0.644387,0.090758,1.133195,80.786612,18.986329,2.099695,0.702522,0.155584,1.205355,90.413273,24.60984,2.369796,0.678996,0.148288,1.207925,92.0045,25.52532,2.396828,0.643485,0.082277,1.140497,82.083426,17.671653,1.919265,0.647799,0.060116,1.102844,75.155842,13.397008,1.56785,0.645204,0.089607,1.139407,78.103622,18.796179,2.117499
S48,0.733102,0.256975,1.332645,115.166473,33.531037,2.449807,0.660749,0.114905,1.209836,98.393457,23.087125,1.980107,0.656071,0.071313,1.177297,86.407825,15.192485,1.510407,0.647191,0.045905,1.11815,74.650812,11.7296,1.427519,0.654836,0.07405,1.143141,84.399645,16.459753,1.713023,0.721768,0.244842,1.296305,101.987818,31.449329,2.617362,0.663348,0.100873,1.144234,90.762501,20.432191,1.956036,0.669028,0.072998,1.117723,82.874214,16.367362,1.71386,0.639569,0.061177,1.091587,78.547487,14.687034,1.667288,0.653923,0.077502,1.11891,80.473704,17.064083,1.853577